answer_format,baseline_only,benchmark,dataset_format,elapsed_sec,init_mode,returncode,reward_mode,run_dir,seed,setting,status,task_id,task_type
option_letter,0,BBH,mars,619.85,shared,0,competence_depth_schedule,D:\myx\grade_one\experiments\multi_agent_diversity\runs_v8_stable_qd_acceptance_b6ac725\disambiguation_qa\shared_vote_tcs_competence_depth2_progressive_residual_hybrid_seed42,42,shared_vote_tcs_competence_depth2_progressive_residual_hybrid,ok,disambiguation_qa,bbh
